service_id,monday,tuesday,wednesday,thursday,friday,saturday,sunday,start_date,end_date
1902,0,0,0,0,0,0,0,20160616,20160831
1903,0,0,0,0,0,0,0,20160616,20160831
46601,1,1,1,1,1,0,0,20160616,20160618
46602,1,1,1,1,0,0,0,20160616,20160618
46603,0,1,1,1,1,0,0,20160616,20160618
46604,0,1,1,1,1,0,0,20160616,20160618
46605,0,0,0,0,1,0,0,20160616,20160618
46606,0,0,0,0,0,1,0,20160616,20160618
46607,0,0,0,0,0,1,0,20160616,20160618
46608,0,0,0,0,0,0,1,20160616,20160618
46609,0,0,0,0,0,0,1,20160616,20160618
46610,0,0,1,1,1,1,0,20160616,20160618
46611,0,1,1,1,1,1,0,20160616,20160618
46612,0,1,1,1,1,1,0,20160616,20160618
46613,1,0,0,0,0,0,0,20160616,20160618
46614,1,0,0,0,0,0,0,20160616,20160618
46615,1,0,0,0,0,0,0,20160616,20160618
46616,0,1,0,0,0,0,0,20160616,20160618
46617,0,1,0,0,0,0,0,20160616,20160618
46618,1,0,1,1,1,0,0,20160616,20160618
46619,1,0,1,1,1,0,0,20160616,20160618
46620,0,0,1,0,0,0,0,20160616,20160618
46621,0,0,1,0,0,0,0,20160616,20160618
46622,1,1,0,1,1,0,0,20160616,20160618
46623,1,1,0,1,1,0,0,20160616,20160618
46624,0,0,0,1,0,0,0,20160616,20160618
46625,0,0,0,1,0,0,0,20160616,20160618
46626,1,1,1,0,1,0,0,20160616,20160618
46627,1,1,1,0,1,0,0,20160616,20160618
46628,0,1,1,0,0,0,0,20160616,20160618
46629,0,1,1,0,0,0,0,20160616,20160618
46630,1,0,0,1,1,0,0,20160616,20160618
46631,1,0,0,1,1,0,0,20160616,20160618
46632,1,1,0,0,1,0,0,20160616,20160618
46633,1,1,0,0,1,0,0,20160616,20160618
46634,1,1,1,1,1,0,1,20160616,20160618
46635,1,1,1,1,1,0,1,20160616,20160618
46636,1,1,1,1,1,1,0,20160616,20160618
46637,1,1,1,1,1,1,0,20160616,20160618
46638,1,1,1,1,1,1,0,20160616,20160618
46639,1,1,1,1,1,0,0,20160616,20160618
46640,1,1,1,1,0,0,1,20160616,20160618
46701,1,1,1,1,1,0,0,20160619,20160831
46702,1,1,1,1,0,0,0,20160619,20160831
46703,0,1,1,1,1,0,0,20160619,20160831
46704,0,1,1,1,1,0,0,20160619,20160831
46705,0,0,0,0,1,0,0,20160619,20160831
46706,0,0,0,0,0,1,0,20160619,20160831
46707,0,0,0,0,0,1,0,20160619,20160831
46708,0,0,0,0,0,0,1,20160619,20160831
46709,0,0,0,0,0,0,1,20160619,20160831
46710,0,0,1,1,1,1,0,20160619,20160831
46711,0,1,1,1,1,1,0,20160619,20160831
46712,0,1,1,1,1,1,0,20160619,20160831
46713,1,0,0,0,0,0,0,20160619,20160831
46714,1,0,0,0,0,0,0,20160619,20160831
46715,1,0,0,0,0,0,0,20160619,20160831
46716,0,1,0,0,0,0,0,20160619,20160831
46717,0,1,0,0,0,0,0,20160619,20160831
46718,1,0,1,1,1,0,0,20160619,20160831
46719,1,0,1,1,1,0,0,20160619,20160831
46720,0,0,1,0,0,0,0,20160619,20160831
46721,0,0,1,0,0,0,0,20160619,20160831
46722,1,1,0,1,1,0,0,20160619,20160831
46723,1,1,0,1,1,0,0,20160619,20160831
46724,0,0,0,1,0,0,0,20160619,20160831
46725,0,0,0,1,0,0,0,20160619,20160831
46726,1,1,1,0,1,0,0,20160619,20160831
46727,1,1,1,0,1,0,0,20160619,20160831
46728,0,1,1,0,0,0,0,20160619,20160831
46729,0,1,1,0,0,0,0,20160619,20160831
46730,1,0,0,1,1,0,0,20160619,20160831
46731,1,0,0,1,1,0,0,20160619,20160831
46732,1,1,0,0,1,0,0,20160619,20160831
46733,1,1,0,0,1,0,0,20160619,20160831
46734,1,1,1,1,1,0,1,20160619,20160831
46735,1,1,1,1,1,0,1,20160619,20160831
46736,1,1,1,1,1,1,0,20160619,20160831
46737,1,1,1,1,1,1,0,20160619,20160831
46738,1,1,1,1,1,1,0,20160619,20160831
46739,1,1,1,1,1,0,0,20160619,20160831
46740,1,1,1,1,0,0,1,20160619,20160831
105101,1,1,1,1,1,0,0,20160616,20160831
105102,1,1,1,1,0,0,0,20160616,20160831
105103,0,1,1,1,1,0,0,20160616,20160831
105104,0,1,1,1,1,0,0,20160616,20160831
105105,0,0,0,0,1,0,0,20160616,20160831
105106,0,0,0,0,0,1,0,20160616,20160831
105107,0,0,0,0,0,1,0,20160616,20160831
105108,0,0,0,0,0,0,1,20160616,20160831
105109,0,0,0,0,0,0,1,20160616,20160831
105110,0,0,1,1,1,1,0,20160616,20160831
105111,0,1,1,1,1,1,0,20160616,20160831
105112,0,1,1,1,1,1,0,20160616,20160831
105113,1,0,0,0,0,0,0,20160616,20160831
105114,1,0,0,0,0,0,0,20160616,20160831
105115,1,0,0,0,0,0,0,20160616,20160831
105116,0,1,0,0,0,0,0,20160616,20160831
105117,0,1,0,0,0,0,0,20160616,20160831
105118,1,0,1,1,1,0,0,20160616,20160831
105119,1,0,1,1,1,0,0,20160616,20160831
105120,0,0,1,0,0,0,0,20160616,20160831
105121,0,0,1,0,0,0,0,20160616,20160831
105122,1,1,0,1,1,0,0,20160616,20160831
105123,1,1,0,1,1,0,0,20160616,20160831
105124,0,0,0,1,0,0,0,20160616,20160831
105125,0,0,0,1,0,0,0,20160616,20160831
105126,1,1,1,0,1,0,0,20160616,20160831
105127,1,1,1,0,1,0,0,20160616,20160831
105128,0,1,1,0,0,0,0,20160616,20160831
105129,0,1,1,0,0,0,0,20160616,20160831
105130,1,0,0,1,1,0,0,20160616,20160831
105131,1,0,0,1,1,0,0,20160616,20160831
105132,1,1,0,0,1,0,0,20160616,20160831
105133,1,1,0,0,1,0,0,20160616,20160831
105134,1,1,1,1,1,0,1,20160616,20160831
105135,1,1,1,1,1,0,1,20160616,20160831
105136,1,1,1,1,1,1,0,20160616,20160831
105137,1,1,1,1,1,1,0,20160616,20160831
105138,1,1,1,1,1,1,0,20160616,20160831
105139,1,1,1,1,1,0,0,20160616,20160831
105140,1,1,1,1,0,0,1,20160616,20160831
205101,1,1,1,1,1,0,0,20160616,20160831
